6;
8;
0.645004;2.18688e-05;1.72116e-10;1.41828e-15;0.354974;1.89718e-09;
0.197252;0.225253;0.246691;0.330804;1.1796e-09;5.209e-10;
0.189668;0.8103;3.28843e-05;1.07598e-16;1.83521e-15;9.41321e-14;
5.69457e-09;1.69512e-25;4.3117e-16;1.89682e-14;0.748764;0.251236;
0.000599039;1.37471e-19;0.127218;1.8986e-56;0.672735;0.199448;
0.125568;4.35686e-08;0.874432;1.8103e-54;3.36742e-11;6.2603e-11;
1.71293e-05;0.873497;2.85532e-50;1.19258e-07;1.92138e-13;9.86348e-44;0.00178529;0.1247;
1.02942e-13;0.0048832;1.62698e-53;0.664078;4.84102e-59;4.94416e-74;0.331039;7.81204e-08;
3.07143e-09;0.884237;0.115763;1.04579e-07;1.71166e-22;4.59669e-73;7.29587e-29;2.37389e-12;
6.39376e-11;5.62419e-10;1.06651e-208;3.68878e-08;0.250699;9.0467e-59;0.749301;1.05658e-13;
0.301506;9.31707e-07;1.14758e-72;1.41658e-55;1.59038e-13;0.103308;2.25505e-24;0.595185;
0.0348868;0.307821;2.8154e-32;2.19484e-45;0.642972;5.92461e-37;5.28709e-57;0.0143208;
7.42992e-94;9.15971e-28;5.64578e-298;1;1.88505e-192;0;
-152.638;